 Ka      EBNO  V  K0 bp CRC     Ro
 010 7.815e+00 52 019 08  18 0.2885
 030 8.810e+00 53 043 09  19 0.3208
 050 9.999e+00 53 054 09  19 0.3208
 070 1.149e+01 54 077 09  19 0.3148
 090 1.312e+01 51 103 09  19 0.3333
 100 1.381e+01 52 109 09  19 0.3269
 110 1.447e+01 49 122 09  19 0.3469
 130 1.574e+01 47 145 09  19 0.3617
 150 1.702e+01 45 167 09  19 0.3778
 170 1.847e+01 43 190 09  19 0.3953
 190 2.032e+01 42 219 09  19 0.4048
 200 2.152e+01 41 229 09  19 0.4146
 210 2.341e+01 40 242 09  19 0.4250
 215 2.489e+01 39 243 09  19 0.4359
 220 2.686e+01 39 249 09  19 0.4359
 225 3.036e+01 38 249 09  19 0.4474
