Ka EBNO
1 -6.636
2 -6.636
3 -6.636
4 -6.636
5 -6.636
6 -6.636
7 -6.636
8 -6.636
9 -6.636
10 -6.636
11 -6.634
12 -6.634
13 -6.634
14 -6.634
15 -6.634
16 -6.634
17 -6.633
18 -6.633
19 -6.633
20 -6.633
21 -6.632
22 -6.632
23 -6.632
24 -6.632
25 -6.630
26 -6.630
27 -6.630
28 -6.629
29 -6.629
30 -6.629
31 -6.628
32 -6.628
33 -6.628
34 -6.626
35 -6.626
36 -6.625
37 -6.625
38 -6.625
39 -6.623
40 -6.623
41 -6.622
42 -6.622
43 -6.621
44 -6.621
45 -6.619
46 -6.619
47 -6.619
48 -6.618
49 -6.618
50 -6.617
51 -6.617
52 -6.615
53 -6.615
54 -6.614
55 -6.614
56 -6.613
57 -6.613
58 -6.611
59 -6.611
60 -6.610
61 -6.609
62 -6.609
63 -6.607
64 -6.607
65 -6.606
66 -6.606
67 -6.605
68 -6.605
69 -6.603
70 -6.603
71 -6.602
72 -6.601
73 -6.601
74 -6.599
75 -6.599
76 -6.598
77 -6.598
78 -6.597
79 -6.595
80 -6.595
81 -6.594
82 -6.594
83 -6.593
84 -6.593
85 -6.591
86 -6.590
87 -6.590
88 -6.589
89 -6.589
90 -6.587
91 -6.586
92 -6.586
93 -6.585
94 -6.585
95 -6.583
96 -6.583
97 -6.582
98 -6.581
99 -6.581
100 -6.579
101 -6.579
102 -6.578
103 -6.576
104 -6.576
105 -6.575
106 -6.575
107 -6.574
108 -6.574
109 -6.572
110 -6.571
111 -6.571
112 -6.570
113 -6.570
114 -6.568
115 -6.568
116 -6.567
117 -6.566
118 -6.566
119 -6.564
120 -6.564
121 -6.563
122 -6.563
123 -6.562
124 -6.560
125 -6.560
126 -6.559
127 -6.559
128 -6.558
129 -6.558
130 -6.556
131 -6.556
132 -6.555
133 -6.555
134 -6.554
135 -6.552
136 -6.552
137 -6.551
138 -6.551
139 -6.550
140 -6.550
141 -6.548
142 -6.548
143 -6.547
144 -6.547
145 -6.546
146 -6.546
147 -6.544
148 -6.544
149 -6.543
150 -6.543
151 -6.542
152 -6.542
153 -6.540
154 -6.540
155 -6.539
156 -6.539
157 -6.538
158 -6.538
159 -6.536
160 -6.536
161 -6.535
162 -6.535
163 -6.534
164 -6.534
165 -6.534
166 -6.532
167 -6.532
168 -6.531
169 -6.531
170 -6.529
171 -6.529
172 -6.528
173 -6.528
174 -6.527
175 -6.527
176 -6.527
177 -6.525
178 -6.525
179 -6.524
180 -6.524
181 -6.523
182 -6.523
183 -6.523
184 -6.521
185 -6.521
186 -6.520
187 -6.520
188 -6.520
189 -6.519
190 -6.519
191 -6.517
192 -6.517
193 -6.517
194 -6.516
195 -6.516
196 -6.515
197 -6.515
198 -6.515
199 -6.513
200 -6.513
201 -6.513
202 -6.512
203 -6.512
204 -6.511
205 -6.511
206 -6.511
207 -6.509
208 -6.509
209 -6.509
210 -6.508
211 -6.508
212 -6.508
213 -6.507
214 -6.507
215 -6.505
216 -6.505
217 -6.505
218 -6.504
219 -6.504
220 -6.504
221 -6.503
222 -6.503
223 -6.503
224 -6.501
225 -6.501
226 -6.501
227 -6.500
228 -6.500
229 -6.500
230 -6.499
231 -6.499
232 -6.499
233 -6.497
234 -6.497
235 -6.497
236 -6.497
237 -6.496
238 -6.496
239 -6.496
240 -6.495
241 -6.495
242 -6.495
243 -6.493
244 -6.493
245 -6.493
246 -6.492
247 -6.492
248 -6.492
249 -6.492
250 -6.491
251 -6.491
252 -6.491
253 -6.489
254 -6.489
255 -6.489
256 -6.489
257 -6.488
258 -6.488
259 -6.488
260 -6.487
261 -6.487
262 -6.487
263 -6.485
264 -6.485
265 -6.485
266 -6.485
267 -6.484
268 -6.484
269 -6.484
270 -6.484
271 -6.482
272 -6.482
273 -6.482
274 -6.481
275 -6.481
276 -6.481
277 -6.481
278 -6.480
279 -6.480
280 -6.480
281 -6.478
282 -6.478
283 -6.478
284 -6.478
285 -6.477
286 -6.477
287 -6.477
288 -6.477
289 -6.476
290 -6.476
291 -6.476
292 -6.474
293 -6.474
294 -6.474
295 -6.474
296 -6.473
297 -6.473
298 -6.473
299 -6.473
300 -6.472
301 -6.472
302 -6.472
303 -6.470
304 -6.470
305 -6.470
306 -6.470
307 -6.469
308 -6.469
309 -6.469
310 -6.469
311 -6.468
312 -6.468
313 -6.468
314 -6.466
315 -6.466
316 -6.466
317 -6.466
318 -6.465
319 -6.465
320 -6.465
321 -6.465
322 -6.464
323 -6.464
324 -6.464
325 -6.464
326 -6.462
327 -6.462
328 -6.462
329 -6.461
330 -6.461
331 -6.461
332 -6.461
333 -6.460
334 -6.460
335 -6.460
336 -6.458
337 -6.458
338 -6.458
339 -6.458
340 -6.457
341 -6.457
342 -6.457
343 -6.457
344 -6.456
345 -6.456
346 -6.456
347 -6.454
348 -6.454
349 -6.454
350 -6.454
351 -6.453
352 -6.453
353 -6.453
354 -6.452
355 -6.452
356 -6.452
357 -6.452
358 -6.450
359 -6.450
360 -6.450
361 -6.449
362 -6.449
363 -6.449
364 -6.449
365 -6.448
366 -6.448
367 -6.448
368 -6.446
369 -6.446
370 -6.446
371 -6.446
372 -6.445
373 -6.445
374 -6.445
375 -6.444
376 -6.444
377 -6.444
378 -6.442
379 -6.442
380 -6.442
381 -6.442
382 -6.441
383 -6.441
384 -6.441
385 -6.440
386 -6.440
387 -6.440
388 -6.438
389 -6.438
390 -6.438
391 -6.438
392 -6.437
393 -6.437
394 -6.437
395 -6.435
396 -6.435
397 -6.435
398 -6.434
399 -6.434
400 -6.434
401 -6.434
402 -6.433
403 -6.433
404 -6.433
405 -6.431
406 -6.431
407 -6.431
408 -6.430
409 -6.430
410 -6.430
411 -6.429
412 -6.429
413 -6.429
414 -6.427
415 -6.427
416 -6.427
417 -6.426
418 -6.426
419 -6.426
420 -6.426
421 -6.425
422 -6.425
423 -6.425
424 -6.423
425 -6.423
426 -6.423
427 -6.422
428 -6.422
429 -6.422
430 -6.421
431 -6.421
432 -6.421
433 -6.419
434 -6.419
435 -6.419
436 -6.418
437 -6.418
438 -6.418
439 -6.417
440 -6.417
441 -6.417
442 -6.415
443 -6.415
444 -6.415
445 -6.414
446 -6.414
447 -6.414
448 -6.413
449 -6.413
450 -6.413
451 -6.411
452 -6.411
453 -6.411
454 -6.410
455 -6.410
456 -6.410
457 -6.409
458 -6.409
459 -6.409
460 -6.407
461 -6.407
462 -6.407
463 -6.406
464 -6.406
465 -6.406
466 -6.405
467 -6.405
468 -6.405
469 -6.403
470 -6.403
471 -6.403
472 -6.402
473 -6.402
474 -6.402
475 -6.401
476 -6.401
477 -6.401
478 -6.399
479 -6.399
480 -6.399
481 -6.398
482 -6.398
483 -6.398
484 -6.397
485 -6.397
486 -6.397
487 -6.395
488 -6.395
489 -6.395
490 -6.394
491 -6.394
492 -6.394
493 -6.393
494 -6.393
495 -6.393
496 -6.391
497 -6.391
498 -6.391
499 -6.390
500 -6.390
501 -6.390
502 -6.388
503 -6.388
504 -6.387
505 -6.387
506 -6.387
507 -6.386
508 -6.386
509 -6.386
510 -6.384
511 -6.384
512 -6.384
513 -6.383
514 -6.383
515 -6.383
516 -6.382
517 -6.382
518 -6.382
519 -6.380
520 -6.380
521 -6.380
522 -6.379
523 -6.379
524 -6.379
525 -6.378
526 -6.378
527 -6.378
528 -6.376
529 -6.376
530 -6.376
531 -6.375
532 -6.375
533 -6.375
534 -6.374
535 -6.374
536 -6.374
537 -6.372
538 -6.372
539 -6.372
540 -6.371
541 -6.371
542 -6.370
543 -6.370
544 -6.370
545 -6.368
546 -6.368
547 -6.368
548 -6.367
549 -6.367
550 -6.367
551 -6.366
552 -6.366
553 -6.366
554 -6.364
555 -6.364
556 -6.364
557 -6.363
558 -6.363
559 -6.363
560 -6.362
561 -6.362
562 -6.362
563 -6.360
564 -6.360
565 -6.360
566 -6.359
567 -6.359
568 -6.359
569 -6.358
570 -6.358
571 -6.358
572 -6.356
573 -6.356
574 -6.356
575 -6.355
576 -6.355
577 -6.355
578 -6.354
579 -6.354
580 -6.354
581 -6.352
582 -6.352
583 -6.352
584 -6.351
585 -6.351
586 -6.351
587 -6.350
588 -6.350
589 -6.350
590 -6.348
591 -6.348
592 -6.348
593 -6.347
594 -6.347
595 -6.347
596 -6.346
597 -6.346
598 -6.346
599 -6.344
600 -6.344
601 -6.344
602 -6.343
603 -6.343
604 -6.343
605 -6.341
606 -6.341
607 -6.341
608 -6.340
609 -6.340
610 -6.340
611 -6.339
612 -6.339
613 -6.339
614 -6.337
615 -6.337
616 -6.337
617 -6.336
618 -6.336
619 -6.336
620 -6.336
621 -6.335
622 -6.335
623 -6.335
624 -6.333
625 -6.333
626 -6.333
627 -6.332
628 -6.332
629 -6.332
630 -6.331
631 -6.331
632 -6.331
633 -6.329
634 -6.329
635 -6.329
636 -6.328
637 -6.328
638 -6.328
639 -6.327
640 -6.327
641 -6.327
642 -6.325
643 -6.325
644 -6.325
645 -6.324
646 -6.324
647 -6.324
648 -6.324
649 -6.323
650 -6.323
651 -6.323
652 -6.321
653 -6.321
654 -6.321
655 -6.320
656 -6.320
657 -6.320
658 -6.319
659 -6.319
660 -6.319
661 -6.317
662 -6.317
663 -6.317
664 -6.316
665 -6.316
666 -6.316
667 -6.316
668 -6.315
669 -6.315
670 -6.315
671 -6.313
672 -6.313
673 -6.313
674 -6.312
675 -6.312
676 -6.312
677 -6.311
678 -6.311
679 -6.311
680 -6.309
681 -6.309
682 -6.309
683 -6.309
684 -6.308
685 -6.308
686 -6.308
687 -6.307
688 -6.307
689 -6.307
690 -6.305
691 -6.305
692 -6.305
693 -6.304
694 -6.304
695 -6.304
696 -6.304
697 -6.303
698 -6.303
699 -6.303
700 -6.301
701 -6.301
702 -6.301
703 -6.300
704 -6.300
705 -6.300
706 -6.299
707 -6.299
708 -6.299
709 -6.297
710 -6.297
711 -6.297
712 -6.297
713 -6.296
714 -6.296
715 -6.296
716 -6.294
717 -6.294
718 -6.294
719 -6.293
720 -6.293
721 -6.293
722 -6.292
723 -6.292
724 -6.292
725 -6.292
726 -6.290
727 -6.290
728 -6.290
729 -6.289
730 -6.289
731 -6.289
732 -6.288
733 -6.288
734 -6.288
735 -6.288
736 -6.286
737 -6.286
738 -6.286
739 -6.285
740 -6.285
741 -6.285
742 -6.284
743 -6.284
744 -6.284
745 -6.282
746 -6.282
747 -6.282
748 -6.282
749 -6.281
750 -6.281
751 -6.281
752 -6.280
753 -6.280
754 -6.280
755 -6.278
756 -6.278
757 -6.278
758 -6.277
759 -6.277
760 -6.277
761 -6.277
762 -6.276
763 -6.276
764 -6.276
765 -6.274
766 -6.274
767 -6.274
768 -6.273
769 -6.273
770 -6.273
771 -6.272
772 -6.272
773 -6.272
774 -6.270
775 -6.270
776 -6.270
777 -6.270
778 -6.269
779 -6.269
780 -6.269
781 -6.268
782 -6.268
783 -6.268
784 -6.266
785 -6.266
786 -6.266
787 -6.265
788 -6.265
789 -6.265
790 -6.265
791 -6.264
792 -6.264
793 -6.264
794 -6.262
795 -6.262
796 -6.262
797 -6.261
798 -6.261
799 -6.261
800 -6.260
801 -6.260
802 -6.260
803 -6.258
804 -6.258
805 -6.258
806 -6.258
807 -6.257
808 -6.257
809 -6.257
810 -6.256
811 -6.256
812 -6.256
813 -6.254
814 -6.254
815 -6.254
816 -6.253
817 -6.253
818 -6.253
819 -6.252
820 -6.252
821 -6.252
822 -6.250
823 -6.250
824 -6.250
825 -6.249
826 -6.249
827 -6.249
828 -6.249
829 -6.247
830 -6.247
831 -6.247
832 -6.246
833 -6.246
834 -6.246
835 -6.245
836 -6.245
837 -6.245
838 -6.243
839 -6.243
840 -6.243
841 -6.242
842 -6.242
843 -6.242
844 -6.241
845 -6.241
846 -6.241
847 -6.239
848 -6.239
849 -6.239
850 -6.238
851 -6.238
852 -6.238
853 -6.237
854 -6.237
855 -6.237
856 -6.235
857 -6.235
858 -6.235
859 -6.234
860 -6.234
861 -6.234
862 -6.233
863 -6.233
864 -6.233
865 -6.231
866 -6.231
867 -6.231
868 -6.230
869 -6.230
870 -6.230
871 -6.229
872 -6.229
873 -6.229
874 -6.227
875 -6.227
876 -6.227
877 -6.226
878 -6.226
879 -6.226
880 -6.225
881 -6.225
882 -6.225
883 -6.223
884 -6.223
885 -6.223
886 -6.222
887 -6.222
888 -6.222
889 -6.221
890 -6.221
891 -6.221
892 -6.219
893 -6.219
894 -6.219
895 -6.218
896 -6.218
897 -6.218
898 -6.217
899 -6.217
900 -6.217
901 -6.215
902 -6.215
903 -6.215
904 -6.214
905 -6.214
906 -6.213
907 -6.213
908 -6.213
909 -6.211
910 -6.211
911 -6.211
912 -6.210
913 -6.210
914 -6.210
915 -6.209
916 -6.209
917 -6.209
918 -6.207
919 -6.207
920 -6.207
921 -6.206
922 -6.206
923 -6.205
924 -6.205
925 -6.205
926 -6.203
927 -6.203
928 -6.203
929 -6.202
930 -6.202
931 -6.202
932 -6.201
933 -6.201
934 -6.201
935 -6.199
936 -6.199
937 -6.198
938 -6.198
939 -6.198
940 -6.196
941 -6.196
942 -6.196
943 -6.195
944 -6.195
945 -6.195
946 -6.194
947 -6.194
948 -6.192
949 -6.192
950 -6.192
951 -6.191
952 -6.191
953 -6.191
954 -6.190
955 -6.190
956 -6.188
957 -6.188
958 -6.188
959 -6.187
960 -6.187
961 -6.187
962 -6.186
963 -6.186
964 -6.184
965 -6.184
966 -6.184
967 -6.183
968 -6.183
969 -6.183
970 -6.182
971 -6.182
972 -6.180
973 -6.180
974 -6.180
975 -6.179
976 -6.179
977 -6.178
978 -6.178
979 -6.178
980 -6.176
981 -6.176
982 -6.176
983 -6.175
984 -6.175
985 -6.174
986 -6.174
987 -6.174
988 -6.172
989 -6.172
990 -6.171
991 -6.171
992 -6.171
993 -6.170
994 -6.170
995 -6.170
996 -6.168
997 -6.168
998 -6.167
999 -6.167
1000 -6.167
1001 -6.166
1002 -6.166
1003 -6.164
1004 -6.164
1005 -6.164
1006 -6.163
1007 -6.163
1008 -6.162
1009 -6.162
1010 -6.162
1011 -6.160
1012 -6.160
1013 -6.159
1014 -6.159
1015 -6.159
1016 -6.158
1017 -6.158
1018 -6.156
1019 -6.156
1020 -6.156
1021 -6.155
1022 -6.155
1023 -6.154
1024 -6.154
1025 -6.152
1026 -6.152
1027 -6.152
1028 -6.151
1029 -6.151
1030 -6.149
1031 -6.149
1032 -6.149
1033 -6.148
1034 -6.148
1035 -6.147
1036 -6.147
1037 -6.147
1038 -6.145
1039 -6.145
1040 -6.144
1041 -6.144
1042 -6.143
1043 -6.143
1044 -6.143
1045 -6.141
1046 -6.141
1047 -6.140
1048 -6.140
1049 -6.139
1050 -6.139
1051 -6.139
1052 -6.137
1053 -6.137
1054 -6.136
1055 -6.136
1056 -6.136
1057 -6.135
1058 -6.135
1059 -6.133
1060 -6.133
1061 -6.132
1062 -6.132
1063 -6.132
1064 -6.131
1065 -6.131
1066 -6.129
1067 -6.129
1068 -6.128
1069 -6.128
1070 -6.128
1071 -6.127
1072 -6.127
1073 -6.125
1074 -6.125
1075 -6.124
1076 -6.124
1077 -6.123
1078 -6.123
1079 -6.123
1080 -6.121
1081 -6.121
1082 -6.120
1083 -6.120
1084 -6.119
1085 -6.119
1086 -6.119
1087 -6.117
1088 -6.117
1089 -6.116
1090 -6.116
1091 -6.115
1092 -6.115
1093 -6.113
1094 -6.113
1095 -6.113
1096 -6.112
1097 -6.112
1098 -6.111
1099 -6.111
1100 -6.109
1101 -6.109
1102 -6.108
1103 -6.108
1104 -6.107
1105 -6.107
1106 -6.107
1107 -6.105
1108 -6.105
1109 -6.104
1110 -6.104
1111 -6.102
1112 -6.102
1113 -6.101
1114 -6.101
1115 -6.100
1116 -6.100
1117 -6.100
1118 -6.098
1119 -6.098
1120 -6.097
1121 -6.097
1122 -6.096
1123 -6.096
1124 -6.094
1125 -6.094
1126 -6.093
1127 -6.093
1128 -6.092
1129 -6.092
1130 -6.092
1131 -6.090
1132 -6.090
1133 -6.089
1134 -6.089
1135 -6.088
1136 -6.088
1137 -6.086
1138 -6.086
1139 -6.085
1140 -6.085
1141 -6.084
1142 -6.084
1143 -6.082
1144 -6.082
1145 -6.082
1146 -6.081
1147 -6.081
1148 -6.080
1149 -6.080
1150 -6.078
1151 -6.078
1152 -6.077
1153 -6.077
1154 -6.076
1155 -6.076
1156 -6.074
1157 -6.074
1158 -6.073
1159 -6.073
1160 -6.072
1161 -6.072
1162 -6.070
1163 -6.070
1164 -6.069
1165 -6.069
1166 -6.068
1167 -6.068
1168 -6.068
1169 -6.066
1170 -6.066
1171 -6.065
1172 -6.065
1173 -6.064
1174 -6.064
1175 -6.062
1176 -6.062
1177 -6.061
1178 -6.061
1179 -6.060
1180 -6.060
1181 -6.058
1182 -6.058
1183 -6.057
1184 -6.057
1185 -6.055
1186 -6.055
1187 -6.054
1188 -6.054
1189 -6.053
1190 -6.053
1191 -6.051
1192 -6.051
1193 -6.050
1194 -6.050
1195 -6.049
1196 -6.049
1197 -6.047
1198 -6.047
1199 -6.046
1200 -6.046
1201 -6.045
1202 -6.045
1203 -6.043
1204 -6.043
1205 -6.042
1206 -6.042
1207 -6.041
1208 -6.041
1209 -6.039
1210 -6.039
1211 -6.038
1212 -6.038
1213 -6.037
1214 -6.037
1215 -6.035
1216 -6.035
1217 -6.034
1218 -6.034
1219 -6.033
1220 -6.033
1221 -6.031
1222 -6.031
1223 -6.030
1224 -6.030
1225 -6.029
1226 -6.029
1227 -6.027
1228 -6.027
1229 -6.026
1230 -6.025
1231 -6.025
1232 -6.023
1233 -6.023
1234 -6.022
1235 -6.022
1236 -6.021
1237 -6.021
1238 -6.019
1239 -6.019
1240 -6.018
1241 -6.018
1242 -6.017
1243 -6.017
1244 -6.015
1245 -6.015
1246 -6.014
1247 -6.014
1248 -6.013
1249 -6.013
1250 -6.011
1251 -6.011
1252 -6.010
1253 -6.008
1254 -6.008
1255 -6.007
1256 -6.007
1257 -6.006
1258 -6.006
1259 -6.004
1260 -6.004
1261 -6.003
1262 -6.003
1263 -6.002
1264 -6.002
1265 -6.000
1266 -6.000
1267 -5.999
1268 -5.999
1269 -5.998
1270 -5.996
1271 -5.996
1272 -5.995
1273 -5.995
1274 -5.994
1275 -5.994
1276 -5.992
1277 -5.992
1278 -5.991
1279 -5.991
1280 -5.990
1281 -5.990
1282 -5.988
1283 -5.987
1284 -5.987
1285 -5.986
1286 -5.986
1287 -5.984
1288 -5.984
1289 -5.983
1290 -5.983
1291 -5.982
1292 -5.982
1293 -5.980
1294 -5.979
1295 -5.979
1296 -5.978
1297 -5.978
1298 -5.976
1299 -5.976
1300 -5.975
1301 -5.975
1302 -5.974
1303 -5.972
1304 -5.972
1305 -5.971
1306 -5.971
1307 -5.970
1308 -5.970
1309 -5.968
1310 -5.968
1311 -5.967
1312 -5.967
1313 -5.966
1314 -5.964
1315 -5.964
1316 -5.963
1317 -5.963
1318 -5.961
1319 -5.961
1320 -5.960
1321 -5.959
1322 -5.959
1323 -5.957
1324 -5.957
1325 -5.956
1326 -5.956
1327 -5.955
1328 -5.955
1329 -5.953
1330 -5.952
1331 -5.952
1332 -5.951
1333 -5.951
1334 -5.949
1335 -5.949
1336 -5.948
1337 -5.947
1338 -5.947
1339 -5.945
1340 -5.945
1341 -5.944
1342 -5.944
1343 -5.943
1344 -5.941
1345 -5.941
1346 -5.940
1347 -5.940
1348 -5.939
1349 -5.939
1350 -5.937
1351 -5.936
1352 -5.936
1353 -5.935
1354 -5.935
1355 -5.933
1356 -5.932
1357 -5.932
1358 -5.931
1359 -5.931
1360 -5.929
1361 -5.929
1362 -5.928
1363 -5.927
1364 -5.927
1365 -5.925
1366 -5.925
1367 -5.924
1368 -5.924
1369 -5.923
1370 -5.921
1371 -5.921
1372 -5.920
1373 -5.920
1374 -5.919
1375 -5.917
1376 -5.917
1377 -5.916
1378 -5.916
1379 -5.914
1380 -5.913
1381 -5.913
1382 -5.912
1383 -5.912
1384 -5.910
1385 -5.909
1386 -5.909
1387 -5.908
1388 -5.908
1389 -5.906
1390 -5.905
1391 -5.905
1392 -5.904
1393 -5.904
1394 -5.902
1395 -5.902
1396 -5.901
1397 -5.900
1398 -5.900
1399 -5.898
1400 -5.897
1401 -5.897
1402 -5.896
1403 -5.896
1404 -5.894
1405 -5.893
1406 -5.893
1407 -5.892
1408 -5.892
1409 -5.890
1410 -5.889
1411 -5.889
1412 -5.888
1413 -5.888
1414 -5.886
1415 -5.885
1416 -5.885
1417 -5.884
1418 -5.884
1419 -5.882
1420 -5.881
1421 -5.881
1422 -5.880
1423 -5.878
1424 -5.878
1425 -5.877
1426 -5.877
1427 -5.876
1428 -5.874
1429 -5.874
1430 -5.873
1431 -5.873
1432 -5.872
1433 -5.870
1434 -5.870
1435 -5.869
1436 -5.867
1437 -5.867
1438 -5.866
1439 -5.866
1440 -5.865
1441 -5.863
1442 -5.863
1443 -5.862
1444 -5.861
1445 -5.861
1446 -5.859
1447 -5.859
1448 -5.858
1449 -5.857
1450 -5.857
1451 -5.855
1452 -5.854
1453 -5.854
1454 -5.853
1455 -5.853
1456 -5.851
1457 -5.850
1458 -5.850
1459 -5.849
1460 -5.847
1461 -5.847
1462 -5.846
1463 -5.845
1464 -5.845
1465 -5.843
1466 -5.843
1467 -5.842
1468 -5.841
1469 -5.841
1470 -5.839
1471 -5.838
1472 -5.838
1473 -5.837
1474 -5.835
1475 -5.835
1476 -5.834
1477 -5.833
1478 -5.833
1479 -5.831
1480 -5.831
1481 -5.830
1482 -5.829
1483 -5.829
1484 -5.827
1485 -5.826
1486 -5.826
1487 -5.825
1488 -5.823
1489 -5.823
1490 -5.822
1491 -5.820
1492 -5.820
1493 -5.819
1494 -5.818
1495 -5.818
1496 -5.816
1497 -5.815
1498 -5.815
1499 -5.814
1500 -5.812
1501 -5.812
1502 -5.811
1503 -5.810
1504 -5.810
1505 -5.808
1506 -5.807
1507 -5.807
1508 -5.806
1509 -5.804
1510 -5.804
1511 -5.803
1512 -5.802
1513 -5.802
1514 -5.800
1515 -5.799
1516 -5.799
1517 -5.798
1518 -5.796
1519 -5.796
1520 -5.795
1521 -5.794
1522 -5.794
1523 -5.792
1524 -5.791
1525 -5.791
1526 -5.790
1527 -5.788
1528 -5.788
1529 -5.787
1530 -5.786
1531 -5.786
1532 -5.784
1533 -5.783
1534 -5.783
1535 -5.782
1536 -5.780
1537 -5.780
1538 -5.779
1539 -5.778
1540 -5.778
1541 -5.776
1542 -5.775
1543 -5.775
1544 -5.773
1545 -5.772
1546 -5.771
1547 -5.771
1548 -5.769
1549 -5.768
1550 -5.768
1551 -5.767
1552 -5.765
1553 -5.765
1554 -5.764
1555 -5.763
1556 -5.763
1557 -5.761
1558 -5.760
1559 -5.759
1560 -5.759
1561 -5.757
1562 -5.756
1563 -5.756
1564 -5.755
1565 -5.753
1566 -5.753
1567 -5.752
1568 -5.751
1569 -5.749
1570 -5.749
1571 -5.748
1572 -5.747
1573 -5.747
1574 -5.745
1575 -5.744
1576 -5.743
1577 -5.743
1578 -5.741
1579 -5.740
1580 -5.740
1581 -5.739
1582 -5.737
1583 -5.736
1584 -5.736
1585 -5.735
1586 -5.733
1587 -5.733
1588 -5.732
1589 -5.731
1590 -5.729
1591 -5.729
1592 -5.728
1593 -5.727
1594 -5.727
1595 -5.725
1596 -5.724
1597 -5.722
1598 -5.722
1599 -5.721
1600 -5.720
1601 -5.720
1602 -5.718
1603 -5.717
1604 -5.716
1605 -5.716
1606 -5.714
1607 -5.713
1608 -5.712
1609 -5.712
1610 -5.710
1611 -5.709
1612 -5.708
1613 -5.708
1614 -5.706
1615 -5.705
1616 -5.705
1617 -5.704
1618 -5.702
1619 -5.701
1620 -5.701
1621 -5.700
1622 -5.698
1623 -5.697
1624 -5.697
1625 -5.696
1626 -5.694
1627 -5.693
1628 -5.693
1629 -5.692
1630 -5.690
1631 -5.689
1632 -5.689
1633 -5.688
1634 -5.686
1635 -5.685
1636 -5.685
1637 -5.684
1638 -5.682
1639 -5.681
1640 -5.681
1641 -5.680
1642 -5.678
1643 -5.677
1644 -5.677
1645 -5.675
1646 -5.674
1647 -5.673
1648 -5.673
1649 -5.671
1650 -5.670
1651 -5.669
1652 -5.667
1653 -5.667
1654 -5.666
1655 -5.665
1656 -5.663
1657 -5.663
1658 -5.662
1659 -5.661
1660 -5.659
1661 -5.659
1662 -5.658
1663 -5.657
1664 -5.655
1665 -5.654
1666 -5.654
1667 -5.653
1668 -5.651
1669 -5.650
1670 -5.650
1671 -5.649
1672 -5.647
1673 -5.646
1674 -5.645
1675 -5.645
1676 -5.643
1677 -5.642
1678 -5.641
1679 -5.641
1680 -5.639
1681 -5.638
1682 -5.637
1683 -5.635
1684 -5.635
1685 -5.634
1686 -5.633
1687 -5.631
1688 -5.630
1689 -5.630
1690 -5.628
1691 -5.627
1692 -5.626
1693 -5.624
1694 -5.624
1695 -5.623
1696 -5.622
1697 -5.620
1698 -5.619
1699 -5.619
1700 -5.618
1701 -5.616
1702 -5.615
1703 -5.614
1704 -5.614
1705 -5.612
1706 -5.611
1707 -5.610
1708 -5.608
1709 -5.608
1710 -5.607
1711 -5.606
1712 -5.604
1713 -5.603
1714 -5.602
1715 -5.602
1716 -5.600
1717 -5.599
1718 -5.598
1719 -5.596
1720 -5.596
1721 -5.595
1722 -5.594
1723 -5.592
1724 -5.591
1725 -5.590
1726 -5.590
1727 -5.588
1728 -5.587
1729 -5.586
1730 -5.584
1731 -5.583
1732 -5.583
1733 -5.581
1734 -5.580
1735 -5.579
1736 -5.577
1737 -5.577
1738 -5.576
1739 -5.575
1740 -5.573
1741 -5.572
1742 -5.571
1743 -5.569
1744 -5.569
1745 -5.568
1746 -5.567
1747 -5.565
1748 -5.564
1749 -5.563
1750 -5.563
1751 -5.561
1752 -5.560
1753 -5.559
1754 -5.557
1755 -5.556
1756 -5.555
1757 -5.555
1758 -5.553
1759 -5.552
1760 -5.551
1761 -5.549
1762 -5.548
1763 -5.547
1764 -5.547
1765 -5.545
1766 -5.544
1767 -5.543
1768 -5.541
1769 -5.540
1770 -5.539
1771 -5.539
1772 -5.537
1773 -5.536
1774 -5.534
1775 -5.533
1776 -5.532
1777 -5.530
1778 -5.530
1779 -5.529
1780 -5.528
1781 -5.526
1782 -5.525
1783 -5.524
1784 -5.522
1785 -5.521
1786 -5.520
1787 -5.520
1788 -5.518
1789 -5.517
1790 -5.516
1791 -5.514
1792 -5.513
1793 -5.512
1794 -5.510
1795 -5.510
1796 -5.509
1797 -5.508
1798 -5.506
1799 -5.505
1800 -5.504
1801 -5.502
1802 -5.501
1803 -5.500
1804 -5.500
1805 -5.498
1806 -5.497
1807 -5.496
1808 -5.494
1809 -5.493
1810 -5.492
1811 -5.490
1812 -5.489
1813 -5.487
1814 -5.487
1815 -5.486
1816 -5.485
1817 -5.483
1818 -5.482
1819 -5.481
1820 -5.479
1821 -5.478
1822 -5.477
1823 -5.475
1824 -5.474
1825 -5.473
1826 -5.473
1827 -5.471
1828 -5.470
1829 -5.469
1830 -5.467
1831 -5.466
1832 -5.465
1833 -5.463
1834 -5.462
1835 -5.461
1836 -5.459
1837 -5.458
1838 -5.458
1839 -5.457
1840 -5.455
1841 -5.454
1842 -5.453
1843 -5.451
1844 -5.450
1845 -5.449
1846 -5.447
1847 -5.446
1848 -5.445
1849 -5.443
1850 -5.442
1851 -5.440
1852 -5.439
1853 -5.438
1854 -5.438
1855 -5.436
1856 -5.435
1857 -5.434
1858 -5.432
1859 -5.431
1860 -5.430
1861 -5.428
1862 -5.427
1863 -5.426
1864 -5.424
1865 -5.423
1866 -5.422
1867 -5.420
1868 -5.419
1869 -5.418
1870 -5.416
1871 -5.415
1872 -5.414
1873 -5.412
1874 -5.411
1875 -5.410
1876 -5.410
1877 -5.408
1878 -5.407
1879 -5.406
1880 -5.404
1881 -5.403
1882 -5.402
1883 -5.400
1884 -5.399
1885 -5.398
1886 -5.396
1887 -5.395
1888 -5.393
1889 -5.392
1890 -5.391
1891 -5.389
1892 -5.388
1893 -5.387
1894 -5.385
1895 -5.384
1896 -5.383
1897 -5.381
1898 -5.380
1899 -5.379
1900 -5.377
1901 -5.376
1902 -5.375
1903 -5.373
1904 -5.372
1905 -5.371
1906 -5.369
1907 -5.368
1908 -5.367
1909 -5.365
1910 -5.364
1911 -5.363
1912 -5.361
1913 -5.360
1914 -5.359
1915 -5.357
1916 -5.356
1917 -5.355
1918 -5.353
1919 -5.352
1920 -5.351
1921 -5.349
1922 -5.348
1923 -5.346
1924 -5.345
1925 -5.344
1926 -5.342
1927 -5.341
1928 -5.340
1929 -5.338
1930 -5.337
1931 -5.336
1932 -5.334
1933 -5.333
1934 -5.332
1935 -5.330
1936 -5.329
1937 -5.328
1938 -5.326
1939 -5.325
1940 -5.324
1941 -5.322
1942 -5.320
1943 -5.318
1944 -5.317
1945 -5.316
1946 -5.314
1947 -5.313
1948 -5.312
1949 -5.310
1950 -5.309
1951 -5.308
1952 -5.306
1953 -5.305
1954 -5.304
1955 -5.302
1956 -5.301
1957 -5.299
1958 -5.298
1959 -5.297
1960 -5.295
1961 -5.294
1962 -5.293
1963 -5.290
1964 -5.289
1965 -5.287
1966 -5.286
1967 -5.285
1968 -5.283
1969 -5.282
1970 -5.281
1971 -5.279
1972 -5.278
1973 -5.277
1974 -5.275
1975 -5.274
1976 -5.273
1977 -5.271
1978 -5.269
1979 -5.267
1980 -5.266
1981 -5.265
1982 -5.263
1983 -5.262
1984 -5.261
1985 -5.259
1986 -5.258
1987 -5.257
1988 -5.255
1989 -5.254
1990 -5.251
1991 -5.250
1992 -5.248
1993 -5.247
1994 -5.246
1995 -5.244
1996 -5.243
1997 -5.242
1998 -5.240
1999 -5.239
2000 -5.236
2001 -5.235
2002 -5.234
2003 -5.232
2004 -5.231
2005 -5.230
2006 -5.228
2007 -5.227
2008 -5.226
2009 -5.223
2010 -5.222
2011 -5.220
2012 -5.219
2013 -5.218
2014 -5.216
2015 -5.215
2016 -5.214
2017 -5.212
2018 -5.210
2019 -5.208
2020 -5.207
2021 -5.206
2022 -5.204
2023 -5.203
2024 -5.201
2025 -5.199
2026 -5.197
2027 -5.196
2028 -5.195
2029 -5.193
2030 -5.192
2031 -5.191
2032 -5.188
2033 -5.187
2034 -5.185
2035 -5.184
2036 -5.183
2037 -5.181
2038 -5.180
2039 -5.177
2040 -5.176
2041 -5.175
2042 -5.173
2043 -5.172
2044 -5.171
2045 -5.169
2046 -5.167
2047 -5.165
2048 -5.164
2049 -5.163
2050 -5.161
2051 -5.160
2052 -5.157
2053 -5.156
2054 -5.154
2055 -5.153
2056 -5.152
2057 -5.150
2058 -5.148
2059 -5.146
2060 -5.145
2061 -5.144
2062 -5.142
2063 -5.140
2064 -5.138
2065 -5.137
2066 -5.136
2067 -5.134
2068 -5.132
2069 -5.130
2070 -5.129
2071 -5.128
2072 -5.126
2073 -5.125
2074 -5.122
2075 -5.121
2076 -5.120
2077 -5.118
2078 -5.117
2079 -5.114
2080 -5.113
2081 -5.112
2082 -5.110
2083 -5.107
2084 -5.106
2085 -5.105
2086 -5.103
2087 -5.102
2088 -5.099
2089 -5.098
2090 -5.097
2091 -5.095
2092 -5.094
2093 -5.091
2094 -5.090
2095 -5.089
2096 -5.087
2097 -5.085
2098 -5.083
2099 -5.082
2100 -5.081
2101 -5.078
2102 -5.077
2103 -5.075
2104 -5.074
2105 -5.071
2106 -5.070
2107 -5.069
2108 -5.067
2109 -5.065
2110 -5.063
2111 -5.062
2112 -5.060
2113 -5.058
2114 -5.056
2115 -5.055
2116 -5.054
2117 -5.051
2118 -5.050
2119 -5.048
2120 -5.047
2121 -5.044
2122 -5.043
2123 -5.042
2124 -5.040
2125 -5.038
2126 -5.036
2127 -5.035
2128 -5.034
2129 -5.031
2130 -5.030
2131 -5.028
2132 -5.026
2133 -5.024
2134 -5.023
2135 -5.022
2136 -5.019
2137 -5.018
2138 -5.016
2139 -5.013
2140 -5.012
2141 -5.011
2142 -5.009
2143 -5.007
2144 -5.005
2145 -5.004
2146 -5.001
2147 -5.000
2148 -4.999
2149 -4.996
2150 -4.995
2151 -4.993
2152 -4.991
2153 -4.989
2154 -4.988
2155 -4.987
2156 -4.984
2157 -4.983
2158 -4.981
2159 -4.979
2160 -4.977
2161 -4.976
2162 -4.973
2163 -4.972
2164 -4.971
2165 -4.968
2166 -4.966
2167 -4.965
2168 -4.962
2169 -4.961
2170 -4.960
2171 -4.957
2172 -4.956
2173 -4.954
2174 -4.952
2175 -4.950
2176 -4.949
2177 -4.946
2178 -4.945
2179 -4.942
2180 -4.941
2181 -4.940
2182 -4.937
2183 -4.936
2184 -4.934
2185 -4.932
2186 -4.930
2187 -4.929
2188 -4.926
2189 -4.925
2190 -4.922
2191 -4.921
2192 -4.919
2193 -4.917
2194 -4.915
2195 -4.914
2196 -4.911
2197 -4.910
2198 -4.907
2199 -4.906
2200 -4.905
2201 -4.902
2202 -4.901
2203 -4.899
2204 -4.897
2205 -4.895
2206 -4.893
2207 -4.891
2208 -4.890
2209 -4.887
2210 -4.886
2211 -4.883
2212 -4.882
2213 -4.881
2214 -4.878
2215 -4.877
2216 -4.874
2217 -4.872
2218 -4.870
2219 -4.868
2220 -4.867
2221 -4.864
2222 -4.863
2223 -4.860
2224 -4.859
2225 -4.858
2226 -4.855
2227 -4.854
2228 -4.851
2229 -4.850
2230 -4.847
2231 -4.846
2232 -4.843
2233 -4.842
2234 -4.840
2235 -4.838
2236 -4.836
2237 -4.834
2238 -4.832
2239 -4.830
2240 -4.828
2241 -4.826
2242 -4.824
2243 -4.823
2244 -4.820
2245 -4.819
2246 -4.816
2247 -4.815
2248 -4.812
2249 -4.811
2250 -4.808
2251 -4.807
2252 -4.804
2253 -4.803
2254 -4.800
2255 -4.799
2256 -4.796
2257 -4.795
2258 -4.792
2259 -4.791
2260 -4.788
2261 -4.787
2262 -4.784
2263 -4.783
2264 -4.781
2265 -4.779
2266 -4.777
2267 -4.774
2268 -4.773
2269 -4.770
2270 -4.769
2271 -4.766
2272 -4.764
2273 -4.762
2274 -4.760
2275 -4.758
2276 -4.756
2277 -4.754
2278 -4.752
2279 -4.750
2280 -4.748
2281 -4.746
2282 -4.744
2283 -4.742
2284 -4.740
2285 -4.738
2286 -4.736
2287 -4.734
2288 -4.732
2289 -4.730
2290 -4.727
2291 -4.725
2292 -4.723
2293 -4.721
2294 -4.719
2295 -4.717
2296 -4.715
2297 -4.713
2298 -4.711
2299 -4.709
2300 -4.706
2301 -4.705
2302 -4.702
2303 -4.701
2304 -4.698
2305 -4.697
2306 -4.694
2307 -4.693
2308 -4.690
2309 -4.687
2310 -4.686
2311 -4.683
2312 -4.682
2313 -4.679
2314 -4.676
2315 -4.675
2316 -4.672
2317 -4.671
2318 -4.668
2319 -4.666
2320 -4.664
2321 -4.662
2322 -4.660
2323 -4.658
2324 -4.655
2325 -4.654
2326 -4.651
2327 -4.650
2328 -4.647
2329 -4.644
2330 -4.643
2331 -4.640
2332 -4.639
2333 -4.636
2334 -4.633
2335 -4.632
2336 -4.629
2337 -4.627
2338 -4.625
2339 -4.623
2340 -4.620
2341 -4.619
2342 -4.616
2343 -4.615
2344 -4.612
2345 -4.609
2346 -4.608
2347 -4.605
2348 -4.603
2349 -4.601
2350 -4.599
2351 -4.596
2352 -4.595
2353 -4.592
2354 -4.589
2355 -4.588
2356 -4.585
2357 -4.582
2358 -4.581
2359 -4.578
2360 -4.576
2361 -4.574
2362 -4.572
2363 -4.569
2364 -4.568
2365 -4.565
2366 -4.562
2367 -4.560
2368 -4.558
2369 -4.556
2370 -4.553
2371 -4.552
2372 -4.549
2373 -4.546
2374 -4.545
2375 -4.542
2376 -4.539
2377 -4.537
2378 -4.535
2379 -4.533
2380 -4.530
2381 -4.527
2382 -4.526
2383 -4.523
2384 -4.521
2385 -4.519
2386 -4.517
2387 -4.514
2388 -4.511
2389 -4.510
2390 -4.507
2391 -4.505
2392 -4.502
2393 -4.501
2394 -4.498
2395 -4.495
2396 -4.492
2397 -4.491
2398 -4.488
2399 -4.486
2400 -4.483
2401 -4.482
2402 -4.479
2403 -4.476
2404 -4.474
2405 -4.471
2406 -4.470
2407 -4.467
2408 -4.464
2409 -4.462
2410 -4.459
2411 -4.458
2412 -4.455
2413 -4.452
2414 -4.450
2415 -4.447
2416 -4.445
2417 -4.443
2418 -4.440
2419 -4.437
2420 -4.435
2421 -4.433
2422 -4.431
2423 -4.428
2424 -4.425
2425 -4.423
2426 -4.420
2427 -4.419
2428 -4.416
2429 -4.413
2430 -4.411
2431 -4.408
2432 -4.405
2433 -4.404
2434 -4.401
2435 -4.398
2436 -4.396
2437 -4.393
2438 -4.390
2439 -4.388
2440 -4.386
2441 -4.384
2442 -4.381
2443 -4.378
2444 -4.376
2445 -4.373
2446 -4.370
2447 -4.368
2448 -4.366
2449 -4.364
2450 -4.361
2451 -4.358
2452 -4.356
2453 -4.353
2454 -4.350
2455 -4.347
2456 -4.345
2457 -4.342
2458 -4.341
2459 -4.338
2460 -4.335
2461 -4.333
2462 -4.330
2463 -4.327
2464 -4.325
2465 -4.322
2466 -4.319
2467 -4.317
2468 -4.314
2469 -4.311
2470 -4.309
2471 -4.306
2472 -4.303
2473 -4.302
2474 -4.299
2475 -4.296
2476 -4.294
2477 -4.291
2478 -4.288
2479 -4.286
2480 -4.283
2481 -4.280
2482 -4.278
2483 -4.275
2484 -4.272
2485 -4.270
2486 -4.267
2487 -4.264
2488 -4.262
2489 -4.259
2490 -4.256
2491 -4.253
2492 -4.251
2493 -4.248
2494 -4.245
2495 -4.243
2496 -4.240
2497 -4.237
2498 -4.235
2499 -4.232
2500 -4.229
2501 -4.227
2502 -4.224
2503 -4.221
2504 -4.219
2505 -4.215
2506 -4.212
2507 -4.209
2508 -4.206
2509 -4.204
2510 -4.201
2511 -4.198
2512 -4.196
2513 -4.193
2514 -4.190
2515 -4.188
2516 -4.185
2517 -4.182
2518 -4.180
2519 -4.177
2520 -4.173
2521 -4.170
2522 -4.168
2523 -4.165
2524 -4.162
2525 -4.159
2526 -4.157
2527 -4.154
2528 -4.151
2529 -4.147
2530 -4.145
2531 -4.142
2532 -4.139
2533 -4.137
2534 -4.134
2535 -4.131
2536 -4.129
2537 -4.125
2538 -4.122
2539 -4.119
2540 -4.117
2541 -4.114
2542 -4.111
2543 -4.107
2544 -4.104
2545 -4.102
2546 -4.099
2547 -4.096
2548 -4.094
2549 -4.090
2550 -4.087
2551 -4.084
2552 -4.082
2553 -4.079
2554 -4.075
2555 -4.072
2556 -4.070
2557 -4.067
2558 -4.063
2559 -4.060
2560 -4.057
2561 -4.055
2562 -4.052
2563 -4.048
2564 -4.045
2565 -4.043
2566 -4.040
2567 -4.036
2568 -4.033
2569 -4.031
2570 -4.028
2571 -4.024
2572 -4.021
2573 -4.018
2574 -4.014
2575 -4.012
2576 -4.009
2577 -4.006
2578 -4.002
2579 -4.000
2580 -3.997
2581 -3.993
2582 -3.990
2583 -3.988
2584 -3.984
2585 -3.981
2586 -3.978
2587 -3.974
2588 -3.971
2589 -3.969
2590 -3.965
2591 -3.962
2592 -3.959
2593 -3.955
2594 -3.953
2595 -3.950
2596 -3.946
2597 -3.943
2598 -3.939
2599 -3.937
2600 -3.934
2601 -3.930
2602 -3.927
2603 -3.923
2604 -3.920
2605 -3.918
2606 -3.914
2607 -3.911
2608 -3.907
2609 -3.904
2610 -3.900
2611 -3.898
2612 -3.895
2613 -3.891
2614 -3.888
2615 -3.884
2616 -3.882
2617 -3.878
2618 -3.875
2619 -3.871
2620 -3.868
2621 -3.864
2622 -3.861
2623 -3.857
2624 -3.855
2625 -3.851
2626 -3.847
2627 -3.844
2628 -3.840
2629 -3.837
2630 -3.833
2631 -3.831
2632 -3.826
2633 -3.824
2634 -3.820
2635 -3.816
2636 -3.813
2637 -3.809
2638 -3.806
2639 -3.802
2640 -3.798
2641 -3.796
2642 -3.792
2643 -3.789
2644 -3.785
2645 -3.781
2646 -3.778
2647 -3.774
2648 -3.770
2649 -3.767
2650 -3.763
2651 -3.759
2652 -3.757
2653 -3.753
2654 -3.749
2655 -3.746
2656 -3.742
2657 -3.738
2658 -3.735
2659 -3.731
2660 -3.727
2661 -3.724
2662 -3.720
2663 -3.716
2664 -3.712
2665 -3.710
2666 -3.706
2667 -3.702
2668 -3.698
2669 -3.695
2670 -3.691
2671 -3.687
2672 -3.683
2673 -3.680
2674 -3.676
2675 -3.672
2676 -3.668
2677 -3.664
2678 -3.661
2679 -3.657
2680 -3.653
2681 -3.649
2682 -3.645
2683 -3.641
2684 -3.638
2685 -3.634
2686 -3.630
2687 -3.626
2688 -3.622
2689 -3.618
2690 -3.614
2691 -3.612
2692 -3.608
2693 -3.604
2694 -3.600
2695 -3.596
2696 -3.591
2697 -3.587
2698 -3.583
2699 -3.579
2700 -3.575
2701 -3.573
2702 -3.569
2703 -3.565
2704 -3.561
2705 -3.557
2706 -3.553
2707 -3.549
2708 -3.544
2709 -3.540
2710 -3.536
2711 -3.532
2712 -3.528
2713 -3.524
2714 -3.520
2715 -3.516
2716 -3.512
2717 -3.508
2718 -3.504
2719 -3.500
2720 -3.496
2721 -3.492
2722 -3.488
2723 -3.484
2724 -3.479
2725 -3.475
2726 -3.471
2727 -3.467
2728 -3.463
2729 -3.459
2730 -3.455
2731 -3.451
2732 -3.446
2733 -3.442
2734 -3.437
2735 -3.433
2736 -3.429
2737 -3.425
2738 -3.421
2739 -3.417
2740 -3.413
2741 -3.408
2742 -3.404
2743 -3.399
2744 -3.394
2745 -3.390
2746 -3.386
2747 -3.382
2748 -3.377
2749 -3.373
2750 -3.369
2751 -3.363
2752 -3.359
2753 -3.355
2754 -3.350
2755 -3.346
2756 -3.340
2757 -3.336
2758 -3.332
2759 -3.327
2760 -3.323
2761 -3.319
2762 -3.314
2763 -3.310
2764 -3.304
2765 -3.300
2766 -3.296
2767 -3.291
2768 -3.287
2769 -3.281
2770 -3.277
2771 -3.273
2772 -3.268
2773 -3.264
2774 -3.258
2775 -3.254
2776 -3.250
2777 -3.245
2778 -3.241
2779 -3.236
2780 -3.232
2781 -3.226
2782 -3.222
2783 -3.217
2784 -3.213
2785 -3.207
2786 -3.203
2787 -3.199
2788 -3.194
2789 -3.190
2790 -3.185
2791 -3.181
2792 -3.175
2793 -3.171
2794 -3.166
2795 -3.162
2796 -3.156
2797 -3.152
2798 -3.147
2799 -3.143
2800 -3.138
2801 -3.134
2802 -3.128
2803 -3.123
2804 -3.119
2805 -3.113
2806 -3.109
2807 -3.104
2808 -3.100
2809 -3.095
2810 -3.091
2811 -3.085
2812 -3.081
2813 -3.076
2814 -3.070
2815 -3.066
2816 -3.061
2817 -3.057
2818 -3.052
2819 -3.048
2820 -3.042
2821 -3.037
2822 -3.033
2823 -3.028
2824 -3.023
2825 -3.018
2826 -3.013
2827 -3.009
2828 -3.003
2829 -2.999
2830 -2.994
2831 -2.989
2832 -2.985
2833 -2.979
2834 -2.974
2835 -2.970
2836 -2.964
2837 -2.960
2838 -2.955
2839 -2.950
2840 -2.946
2841 -2.940
2842 -2.935
2843 -2.931
2844 -2.925
2845 -2.920
2846 -2.916
2847 -2.911
2848 -2.905
2849 -2.900
2850 -2.895
2851 -2.891
2852 -2.885
2853 -2.880
2854 -2.874
2855 -2.869
2856 -2.864
2857 -2.858
2858 -2.853
2859 -2.848
2860 -2.842
2861 -2.838
2862 -2.833
2863 -2.827
2864 -2.822
2865 -2.817
2866 -2.811
2867 -2.806
2868 -2.801
2869 -2.795
2870 -2.790
2871 -2.784
2872 -2.779
2873 -2.774
2874 -2.768
2875 -2.763
2876 -2.758
2877 -2.752
2878 -2.747
2879 -2.742
2880 -2.736
2881 -2.731
2882 -2.725
2883 -2.720
2884 -2.715
2885 -2.709
2886 -2.704
2887 -2.699
2888 -2.693
2889 -2.688
2890 -2.682
2891 -2.677
2892 -2.672
2893 -2.666
2894 -2.661
2895 -2.656
2896 -2.650
2897 -2.645
2898 -2.639
2899 -2.634
2900 -2.629
2901 -2.623
2902 -2.617
2903 -2.611
2904 -2.606
2905 -2.601
2906 -2.595
2907 -2.590
2908 -2.584
2909 -2.579
2910 -2.574
2911 -2.568
2912 -2.562
2913 -2.556
2914 -2.551
2915 -2.545
2916 -2.540
2917 -2.535
2918 -2.529
2919 -2.523
2920 -2.517
2921 -2.512
2922 -2.507
2923 -2.501
2924 -2.496
2925 -2.489
2926 -2.484
2927 -2.478
2928 -2.473
2929 -2.468
2930 -2.461
2931 -2.456
2932 -2.450
2933 -2.445
2934 -2.438
2935 -2.433
2936 -2.427
2937 -2.422
2938 -2.415
2939 -2.410
2940 -2.404
2941 -2.399
2942 -2.392
2943 -2.387
2944 -2.382
2945 -2.375
2946 -2.370
2947 -2.363
2948 -2.357
2949 -2.352
2950 -2.345
2951 -2.340
2952 -2.335
2953 -2.328
2954 -2.323
2955 -2.317
2956 -2.310
2957 -2.305
2958 -2.298
2959 -2.293
2960 -2.288
2961 -2.281
2962 -2.276
2963 -2.269
2964 -2.263
2965 -2.257
2966 -2.251
2967 -2.246
2968 -2.239
2969 -2.234
2970 -2.227
2971 -2.222
2972 -2.215
2973 -2.210
2974 -2.203
2975 -2.198
2976 -2.191
2977 -2.186
2978 -2.179
2979 -2.174
2980 -2.167
2981 -2.161
2982 -2.155
2983 -2.149
2984 -2.143
2985 -2.137
2986 -2.131
2987 -2.125
2988 -2.118
2989 -2.113
2990 -2.106
2991 -2.101
2992 -2.094
2993 -2.088
2994 -2.082
2995 -2.076
2996 -2.070
2997 -2.063
2998 -2.057
2999 -2.051
3000 -2.045
3001 -2.039
3002 -2.033
3003 -2.026
3004 -2.020
3005 -2.014
3006 -2.007
3007 -2.002
3008 -1.995
3009 -1.988
3010 -1.983
3011 -1.976
3012 -1.969
3013 -1.963
3014 -1.957
3015 -1.951
3016 -1.944
3017 -1.939
3018 -1.932
3019 -1.925
3020 -1.918
3021 -1.913
3022 -1.906
3023 -1.900
3024 -1.893
3025 -1.886
3026 -1.879
3027 -1.873
3028 -1.866
3029 -1.859
3030 -1.853
3031 -1.846
3032 -1.839
3033 -1.832
3034 -1.826
3035 -1.819
3036 -1.812
3037 -1.806
3038 -1.799
3039 -1.792
3040 -1.785
3041 -1.779
3042 -1.772
3043 -1.765
3044 -1.757
3045 -1.751
3046 -1.744
3047 -1.737
3048 -1.730
3049 -1.724
3050 -1.717
3051 -1.710
3052 -1.704
3053 -1.695
3054 -1.689
3055 -1.682
3056 -1.675
3057 -1.669
3058 -1.661
3059 -1.654
3060 -1.647
3061 -1.640
3062 -1.634
3063 -1.626
3064 -1.619
3065 -1.612
3066 -1.604
3067 -1.597
3068 -1.591
3069 -1.584
3070 -1.576
3071 -1.569
3072 -1.563
3073 -1.555
3074 -1.548
3075 -1.541
3076 -1.533
3077 -1.526
3078 -1.518
3079 -1.512
3080 -1.505
3081 -1.497
3082 -1.490
3083 -1.482
3084 -1.475
3085 -1.467
3086 -1.461
3087 -1.452
3088 -1.446
3089 -1.438
3090 -1.431
3091 -1.423
3092 -1.416
3093 -1.408
3094 -1.401
3095 -1.393
3096 -1.385
3097 -1.379
3098 -1.371
3099 -1.364
3100 -1.356
3101 -1.348
3102 -1.341
3103 -1.333
3104 -1.325
3105 -1.318
3106 -1.310
3107 -1.302
3108 -1.294
3109 -1.287
3110 -1.279
3111 -1.271
3112 -1.264
3113 -1.256
3114 -1.248
3115 -1.240
3116 -1.232
3117 -1.226
3118 -1.217
3119 -1.209
3120 -1.201
3121 -1.193
3122 -1.185
3123 -1.177
3124 -1.169
3125 -1.162
3126 -1.154
3127 -1.146
3128 -1.138
3129 -1.130
3130 -1.122
3131 -1.114
3132 -1.106
3133 -1.098
3134 -1.090
3135 -1.082
3136 -1.074
3137 -1.066
3138 -1.058
3139 -1.050
3140 -1.040
3141 -1.032
3142 -1.024
3143 -1.016
3144 -1.008
3145 -1.000
3146 -0.992
3147 -0.982
3148 -0.974
3149 -0.966
3150 -0.958
3151 -0.950
3152 -0.941
3153 -0.933
3154 -0.925
3155 -0.915
3156 -0.907
3157 -0.899
3158 -0.890
3159 -0.882
3160 -0.872
3161 -0.864
3162 -0.855
3163 -0.846
3164 -0.837
3165 -0.828
3166 -0.819
3167 -0.811
3168 -0.801
3169 -0.793
3170 -0.784
3171 -0.774
3172 -0.765
3173 -0.757
3174 -0.747
3175 -0.738
3176 -0.729
3177 -0.721
3178 -0.711
3179 -0.702
3180 -0.692
3181 -0.683
3182 -0.675
3183 -0.666
3184 -0.656
3185 -0.647
3186 -0.637
3187 -0.628
3188 -0.619
3189 -0.609
3190 -0.600
3191 -0.590
3192 -0.581
3193 -0.572
3194 -0.562
3195 -0.553
3196 -0.543
3197 -0.534
3198 -0.525
3199 -0.515
3200 -0.506
3201 -0.496
3202 -0.486
3203 -0.476
3204 -0.467
3205 -0.457
3206 -0.448
3207 -0.437
3208 -0.428
3209 -0.419
3210 -0.409
3211 -0.398
3212 -0.389
3213 -0.380
3214 -0.369
3215 -0.359
3216 -0.350
3217 -0.339
3218 -0.330
3219 -0.319
3220 -0.310
3221 -0.299
3222 -0.290
3223 -0.279
3224 -0.269
3225 -0.259
3226 -0.249
3227 -0.239
3228 -0.229
3229 -0.218
3230 -0.208
3231 -0.198
3232 -0.188
3233 -0.177
3234 -0.167
3235 -0.157
3236 -0.146
3237 -0.135
3238 -0.124
3239 -0.115
3240 -0.104
3241 -0.094
3242 -0.083
3243 -0.072
3244 -0.061
3245 -0.051
3246 -0.040
3247 -0.029
3248 -0.018
3249 -0.008
3250 0.003
3251 0.014
3252 0.025
3253 0.035
3254 0.046
3255 0.057
3256 0.068
3257 0.078
3258 0.090
3259 0.101
3260 0.112
3261 0.124
3262 0.135
3263 0.145
3264 0.158
3265 0.168
3266 0.180
3267 0.191
3268 0.203
3269 0.214
3270 0.226
3271 0.238
3272 0.249
3273 0.261
3274 0.273
3275 0.284
3276 0.296
3277 0.308
3278 0.320
3279 0.331
3280 0.343
3281 0.355
3282 0.367
3283 0.379
3284 0.391
3285 0.403
3286 0.415
3287 0.427
3288 0.440
3289 0.452
3290 0.464
3291 0.476
3292 0.488
3293 0.501
3294 0.513
3295 0.525
3296 0.538
3297 0.551
3298 0.563
3299 0.575
3300 0.589
3301 0.601
3302 0.614
3303 0.628
3304 0.640
3305 0.653
3306 0.666
3307 0.680
3308 0.693
3309 0.707
3310 0.720
3311 0.734
3312 0.747
3313 0.760
3314 0.774
3315 0.787
3316 0.801
3317 0.814
3318 0.829
3319 0.842
3320 0.856
3321 0.871
3322 0.884
3323 0.899
3324 0.912
3325 0.927
3326 0.940
3327 0.955
3328 0.970
3329 0.983
3330 0.998
3331 1.013
3332 1.028
3333 1.042
3334 1.057
3335 1.072
3336 1.087
3337 1.102
3338 1.116
3339 1.131
3340 1.147
3341 1.162
3342 1.177
3343 1.193
3344 1.209
3345 1.224
3346 1.240
3347 1.255
3348 1.271
3349 1.287
3350 1.303
3351 1.319
3352 1.335
3353 1.351
3354 1.367
3355 1.383
3356 1.400
3357 1.416
3358 1.433
3359 1.449
3360 1.465
3361 1.483
3362 1.499
3363 1.516
3364 1.534
3365 1.550
3366 1.567
3367 1.585
3368 1.602
3369 1.620
3370 1.637
3371 1.655
3372 1.672
3373 1.690
3374 1.707
3375 1.725
3376 1.743
3377 1.761
3378 1.778
3379 1.797
3380 1.815
3381 1.833
3382 1.851
3383 1.870
3384 1.887
3385 1.906
3386 1.925
3387 1.943
3388 1.962
3389 1.981
3390 2.000
3391 2.019
3392 2.037
3393 2.056
3394 2.075
3395 2.095
3396 2.114
3397 2.133
3398 2.153
3399 2.172
3400 2.192
3401 2.212
3402 2.231
3403 2.251
3404 2.271
3405 2.291
3406 2.311
3407 2.331
3408 2.352
3409 2.372
3410 2.392
3411 2.413
3412 2.434
3413 2.454
3414 2.475
3415 2.495
3416 2.517
3417 2.538
3418 2.558
3419 2.580
3420 2.603
3421 2.624
3422 2.647
3423 2.669
3424 2.691
3425 2.714
3426 2.736
3427 2.758
3428 2.781
3429 2.804
3430 2.827
3431 2.851
3432 2.874
3433 2.897
3434 2.921
3435 2.945
3436 2.968
3437 2.992
3438 3.016
3439 3.040
3440 3.065
3441 3.089
3442 3.113
3443 3.138
3444 3.163
3445 3.188
3446 3.212
3447 3.238
3448 3.263
3449 3.289
3450 3.314
3451 3.340
3452 3.365
3453 3.391
3454 3.418
3455 3.443
3456 3.470
3457 3.497
3458 3.524
3459 3.551
3460 3.578
3461 3.604
3462 3.631
3463 3.659
3464 3.686
3465 3.715
3466 3.743
3467 3.771
3468 3.799
3469 3.827
3470 3.856
3471 3.885
3472 3.915
3473 3.943
3474 3.972
3475 4.002
3476 4.031
3477 4.061
3478 4.092
3479 4.123
3480 4.154
3481 4.186
3482 4.218
3483 4.250
3484 4.283
3485 4.316
3486 4.348
3487 4.382
3488 4.415
3489 4.449
3490 4.484
3491 4.518
3492 4.552
3493 4.587
3494 4.622
3495 4.659
3496 4.695
3497 4.731
3498 4.767
3499 4.804
3500 4.841
3501 4.879
3502 4.916
3503 4.954
3504 4.993
3505 5.032
3506 5.071
3507 5.110
3508 5.150
3509 5.190
3510 5.231
3511 5.272
3512 5.314
3513 5.355
3514 5.398
3515 5.441
3516 5.484
3517 5.529
3518 5.573
3519 5.617
3520 5.663
3521 5.710
3522 5.757
3523 5.804
3524 5.852
3525 5.901
3526 5.950
3527 6.000
3528 6.050
3529 6.101
3530 6.153
3531 6.205
3532 6.259
3533 6.313
3534 6.367
3535 6.422
3536 6.478
3537 6.534
3538 6.592
3539 6.650
3540 6.709
3541 6.769
3542 6.831
3543 6.893
3544 6.955
3545 7.019
3546 7.084
3547 7.149
3548 7.216
3549 7.284
3550 7.353
3551 7.423
3552 7.494
3553 7.567
3554 7.641
3555 7.716
3556 7.793
3557 7.869
3558 7.948
3559 8.029
3560 8.117
3561 8.206
3562 8.297
3563 8.391
3564 8.487
3565 8.586
3566 8.687
3567 8.792
3568 8.899
3569 9.010
3570 9.125
3571 9.243
3572 9.366
3573 9.494
3574 9.627
3575 9.765
3576 9.909
3577 10.060
3578 10.219
3579 10.385
3580 10.563
3581 10.749
3582 10.948
3583 11.162
3584 11.391
3585 11.640
3586 11.909
3587 12.202
3588 12.522
3589 12.868
3590 13.235
3591 13.643
3592 14.183
3593 14.814
3594 15.550
3595 16.388
3596 17.302
3597 18.261
3598 19.250
3599 20.295
3600 30.000